3,2
3,1
3,3
10,156
10,239
10,82
10,301
10,277
10,140
10,216
10,129
11,14
11,11
9,5
8,4
8,11
8,15
8,6
8,5
8,2
8,3
77,7
77,6
77,5
77,3
77,2
77,0
76,3
76,2
76,1
76,0
75,3
75,2
75,1
74,3
74,1
73,3
73,1
72,4
72,3
72,1
71,3
71,1
70,3
70,1
69,3
69,1
68,3
68,1
67,3
67,1
66,4
66,3
66,1
65,3
65,1
64,3
64,1
20,3
20,2
20,1
19,3
19,2
19,1
18,3
18,1
14,3
14,1
13,3
13,1
12,3
12,2
12,1
11,30
11,29
11,27
11,26
11,25
11,24
11,23
11,21
11,20
11,17
11,16
11,13
11,12
11,8
11,7
11,6
11,5
11,4
11,3
11,2
11,1
10,300
10,271
10,269
10,265
2,2
2,1
10,258
2,3
10,221
10,213
10,212
10,208
10,189
10,188
